1.CAN_1994a_S53 0.682 0.00016 0.31741 0.00863
2.CAN_1994b_S55 0.674 0.00005 0.32499 0.00205
3.CYP_1884_S20 0.246 0.00002 0.75328 0.00337
4.DEU_1915_S41 0.690 0.00003 0.30918 0.00216
5.DEU_1922_S33 0.456 0.00295 0.54144 0.25432
6.DEU_1972_S43 0.010 0.00145 0.98771 0.10738
7.DRC_1972_S45 0.597 0.00007 0.40208 0.00406
8.DZA_1862 0.151 0.00027 0.84784 0.06429
9.ERI_1969_S50 0.552 0.00005 0.44772 0.00304
10.ESP_1820 0.015 0.00212 0.98257 0.05185
11.ESP_1908a 0.060 00 0.93941 0.00022
12.ESP_1908b 0.374 00 0.62516 0.00033
13.ESP_1911 0.237 0.00011 0.76219 0.01796
14.ESP_1912a 0.475 00 0.52467 0.00015
15.ESP_1912b 0.673 0.00007 0.32611 0.00461
16.ESP_1913_S15 0.083 00 0.91613 0.00165
17.ESP_1914 0.327 0.00011 0.67222 0.02306
18.ESP_1924 0.064 00 0.93535 0.00017
19.ESP_1926_S46 0.717 0.00004 0.28213 0.00223
20.ESP_1927 0.357 00 0.64237 0.00081
21.ESP_1930 0.354 00 0.64599 0.00033
22.ESP_1944 0.492 0.00027 0.50771 0.04798
23.ESP_1946 0.332 0.00010 0.66758 0.01878
24.ESP_1966 0.211 00 0.78832 0.00032
25.ESP_1966_S41 0.660 0.00336 0.33885 0.22002
26.ESP_1968 0.444 00 0.55533 0.00087
27.ESP_1975 0.035 0.00402 0.96105 0.66095
28.ESP_1982 0.422 00 0.57718 0.00085
29.ESP_1983a 0.603 0.00569 0.39388 0.35900
30.ESP_1983b 0.054 0.00563 0.93971 0.74007
31.ESP_1983d_S46 0.195 0.00320 0.80142 0.00057
32.ESP_1985a_S33 0.021 0.00252 0.97576 0.04545
33.ESP_1985b 0.009 0.08453 0.90656 0.90385
34.ESP_1985c_S36 0.234 0.23717 0.58368 0.87657
35.ESP_1985d_S11 0.718 00 0.28183 0.00006
36.ESP_1987 0.008 0.00119 0.99000 0.17467
37.ESP_1992 0.205 0.00394 0.79163 0.53459
38.ESP_1995_S29 0.683 0.00008 0.31655 0.00486
39.ESP_1998a 0.537 0.00004 0.46292 0.00640
40.ESP_1998b_S2 0.638 0.00006 0.36195 0.00643
41.ESP_1999_S34 0.709 0.00011 0.29056 0.00709
42.ESP_2002 0.516 0.00007 0.48378 0.00619
43.ESP_2007_S15 0.664 0.00019 0.33516 0.01356
44.ESP_2008_S22 0.622 0.00008 0.37746 0.00655
45.ETH_1838_S20 0.073 0.00004 0.92683 0.00807
46.ETH_1838_S52 0.626 0.00053 0.37328 0.02459
47.ETH_1852a_S45 0.100 0.00171 0.89837 0.21280
48.ETH_1852b_S18 0.711 0.00074 0.28878 0.00047
49.ETH_1892_S30 0.083 0.00005 0.91642 0.00860
50.ETH_1965_S37 0.685 00 0.31422 0.00026
51.ETH_1968a_S7 0.180 0.00003 0.81904 0.00616
52.ETH_1968b_S44 0.242 0.00014 0.75788 0.01660
53.ETH_1968c_S26 0.107 0.00003 0.89263 0.00527
54.ETH_1973_S63 0.591 0.00001 0.40897 0.00052
55.ETH_1984 0.476 0.00004 0.52360 0.00964
56.ETH_2003 0.482 0.00004 0.51715 0.00523
57.FRA_1943_S25 0.110 0.00004 0.88916 0.00631
58.GBR_1867_S19 0.195 00 0.80441 0.00114
59.GBR_1899 0.110 0.00013 0.88909 0.02388
60.GBR_1902_S22 0.158 0.00001 0.84130 0.00213
61.GBR_1918_S17 0.147 00 0.85256 0.00152
62.GBR_1921 0.603 0.00049 0.39616 0.02374
63.GBR_1933a_S43 0.616 0.00010 0.38317 0.00497
64.GBR_1933b_S36 0.331 0.06595 0.62423 0.85303
65.GBR_1953_S18 0.090 0.00279 0.90647 0.22490
66.GBR_1967_S13 0.675 0.00868 0.32216 0.42764
67.GBR_2008_S17 0.464 0.00008 0.53560 0.00291
68.ITA_1973_S11 0.593 0.00019 0.40654 0.01816
69.KAZ_1914_S32 0.629 0.00003 0.37000 0.00149
70.KAZ_1921_S1 0.554 0.00025 0.44543 0.01480
71.KAZ_1956_S8 0.696 0.00001 0.30379 0.00118
72.KEN_1935_S42 0.543 0.00002 0.45682 0.00063
73.KEN_1967_S36 0.299 0.00160 0.69948 0.07318
74.KEN_1997_S41 0.631 0.00023 0.36825 0.01076
75.LTU_1894_S30 0.397 0.05487 0.56920 0.88733
76.LTU_2009_S19 0.003 0.24217 0.75548 0.86841
77.MAR_1981 0.071 0.00040 0.92824 0.12180
78.NLD_1960_S12 0.153 0.00006 0.84672 0.00907
79.NOR_1898a 0.394 0.00005 0.60519 0.01427
80.NOR_1898_S26 0.635 0.00004 0.36412 0.00254
81.NOR_1899 0.479 0.00138 0.52020 0.21608
82.NOR_1905 0.492 0.00077 0.50694 0.08816
83.NOR_1906_S9 0.655 0.00184 0.34385 0.10330
84.NOR_1907_S24 0.677 0.00010 0.32281 0.00611
85.NOR_1908 0.366 0.00036 0.63293 0.02435
86.NOR_1911_S7 0.309 0.00724 0.68506 0.66667
87.NOR_1912 0.080 00 0.91927 0.00014
88.NOR_1912_S13 0.164 00 0.83567 0.00124
89.NOR_1916 0.542 0.00005 0.45785 0.00664
90.NOR_1918_S2 0.582 0.00004 0.41727 0.00224
91.NOR_1925 0.452 0.00001 0.54780 0.00170
92.NOR_1927_S25 0.525 0.00006 0.47464 0.00500
93.NOR_1928_S6 0.607 0.00993 0.38885 0.36478
94.NOR_1929 0.555 0.00020 0.44404 0.02815
95.NOR_1934 0.379 0.00396 0.61760 0.44066
96.NOR_1935 0.390 0.00001 0.60981 0.00188
97.NOR_1935_S3 0.701 0.00388 0.29708 0.12814
98.NOR_1942 0.314 00 0.68572 0.00123
99.NOR_1949a 0.397 0.00006 0.60281 0.01479
100.NOR_1949_S5 0.672 0.00060 0.32747 0.03126
101.NOR_1952 0.489 0.00014 0.51065 0.01978
102.NOR_1954_S21 0.689 0.00007 0.31015 0.00684
103.NOR_1955_S42 0.351 0.00676 0.64446 0.00131
104.NOR_1956 0.008 0.00400 0.98783 0.09294
105.NOR_1966 0.419 0.00049 0.58066 0.03050
106.NOR_1967_S28 0.369 0.00853 0.62500 0.00165
107.NOR_1968 0.337 0.00006 0.66287 0.02005
108.NOR_1976 0.578 0.00004 0.42137 0.01220
109.NOR_1990 0.009 0.07058 0.92029 0.90559
110.NOR_1992 0.471 0.00020 0.52817 0.03656
111.NOR_1994 0.501 0.00005 0.49867 0.00609
112.NOR_1995_S22 0.668 0.00004 0.33110 0.00207
113.NOR_1995_S35 0.631 0.00013 0.36842 0.00990
114.NOR_2003 0.515 0.00001 0.48415 0.00113
115.NPL_1952 0.227 0.00002 0.77229 0.00373
116.POL_1895_S10 0.304 0.00231 0.69427 0.09328
117.POL_2007_S5 0.680 0.00012 0.31962 0.00604
118.PRT_1954 0.333 0.00007 0.66647 0.01072
119.PRT_1971 0.446 00 0.55322 0.00074
120.RUS_1860 0.152 0.02692 0.82442 0.87132
121.RUS_1885_S16 0.232 0.00014 0.76765 0.01714
122.RUS_1906_S7 0.711 0.00021 0.28846 0.01258
123.RUS_1907_S11 0.466 0.00037 0.53378 0.03380
124.RUS_1909_S40 0.590 0.00688 0.40649 0.34781
125.RUS_1912_S16 0.413 0.00017 0.58606 0.02303
126.RUS_1917_S29 0.076 0.00417 0.91952 0.12182
127.RUS_1926_S28 0.651 0.00002 0.34853 0.00184
128.RUS_1927_S31 0.631 0.00006 0.36878 0.00337
129.RUS_1950_S10 0.687 0.00017 0.31218 0.01169
130.RUS_1960_S9 0.277 0.00024 0.72275 0.02416
131.RUS_1974_S24 0.729 0.00017 0.27050 0.00794
132.RWA_1974_S49 0.637 0.00001 0.36233 0.00096
133.SP_1897 0.066 0.00001 0.93390 0.00161
134.TZA_1894_S43 0.559 0.00001 0.44010 0.00066
135.TZA_1908_S47 0.686 0.00012 0.31321 0.00596
136.TZA_1953_S47 0.595 0.00002 0.40402 0.00072
137.TZA_1985_S38 0.644 00 0.35581 0.00034
138.TZA_2011_S34 0.224 00 0.77535 0
139.UKR_1902_S18 0.186 0.00002 0.81362 0.00386
140.UKR_1952_S24 0.026 00 0.97379 0.00032
141.US_1986_S54 0.737 00 0.26270 0.00025
142.US_2010_S56 0.714 0.00001 0.28520 0.00060
143.ZAF_1917_S6 0.207 0.00009 0.79207 0.01325
