1.CAN_1994a_S53 1565803 7654165 0.20456
2.CAN_1994b_S55 1815918 6828670 0.26592
3.CYP_1884_S20 8798033 9713129 0.90578
4.DEU_1915_S41 2803750 9229852 0.30376
5.DEU_1922_S33 4852002 9152835 0.53010
6.DEU_1972_S43 4747388 4840835 0.98069
7.DRC_1972_S45 1725429 7181595 0.24025
8.DZA_1862 11411531 12025572 0.94893
9.ERI_1969_S50 2178259 7023598 0.31013
10.ESP_1820 8641936 10441579 0.82764
11.ESP_1908a 10727646 11044640 0.97129
12.ESP_1908b 12007012 15316184 0.78394
13.ESP_1911 9759344 11280554 0.86514
14.ESP_1912a 8758239 13266245 0.66018
15.ESP_1912b 1682903 8124059 0.20715
16.ESP_1913_S15 9663590 9865820 0.97950
17.ESP_1914 11234397 14806905 0.75872
18.ESP_1924 7480450 7685447 0.97332
19.ESP_1926_S46 2619660 8034995 0.32603
20.ESP_1927 10594753 13629991 0.77731
21.ESP_1930 11543654 15184767 0.76021
22.ESP_1944 7457934 15090727 0.49420
23.ESP_1946 11620265 16742223 0.69406
24.ESP_1966 12152283 13999880 0.86802
25.ESP_1966_S41 5684535 10099514 0.56285
26.ESP_1968 8390123 15230993 0.55085
27.ESP_1975 8053331 13879918 0.58021
28.ESP_1982 8493189 12416426 0.68402
29.ESP_1983a 1509163 8585668 0.17577
30.ESP_1983b 4158986 14010453 0.29684
31.ESP_1983d_S46 2645 9304 0.28428
32.ESP_1985a_S33 440218 806164 0.54606
33.ESP_1985b 5040354 15822617 0.31855
34.ESP_1985c_S36 2545384 9109787 0.27941
35.ESP_1985d_S11 1752303 5484134 0.31952
36.ESP_1987 2584188 7948622 0.32511
37.ESP_1992 6420405 11577179 0.55457
38.ESP_1995_S29 2477408 7702245 0.32164
39.ESP_1998a 5882102 14165792 0.41523
40.ESP_1998b_S2 6125900 12128810 0.50507
41.ESP_1999_S34 3287881 9330450 0.35238
42.ESP_2002 2746393 7874002 0.34879
43.ESP_2007_S15 2523552 9511169 0.26532
44.ESP_2008_S22 2107520 9788289 0.21531
45.ETH_1838_S20 9284543 9409583 0.98671
46.ETH_1838_S52 4082013 6369651 0.64085
47.ETH_1852a_S45 9352024 9526837 0.98165
48.ETH_1852b_S18 28205 87774 0.32133
49.ETH_1892_S30 7358661 7472765 0.98473
50.ETH_1965_S37 2272404 7365358 0.30852
51.ETH_1968a_S7 7611147 7972850 0.95463
52.ETH_1968b_S44 6479082 7275942 0.89048
53.ETH_1968c_S26 7887500 8069232 0.97747
54.ETH_1973_S63 1814952 6331219 0.28666
55.ETH_1984 9822477 16449137 0.59714
56.ETH_2003 7060985 12563227 0.56203
57.FRA_1943_S25 6264706 7026311 0.89160
58.GBR_1867_S19 7050496 7461058 0.94497
59.GBR_1899 10230477 11211680 0.91248
60.GBR_1902_S22 8765655 9210085 0.95174
61.GBR_1918_S17 8153883 8381783 0.97281
62.GBR_1921 1981671 5967054 0.33210
63.GBR_1933a_S43 645302 5811341 0.11104
64.GBR_1933b_S36 3297221 5872156 0.56150
65.GBR_1953_S18 1904828 6816365 0.27944
66.GBR_1967_S13 3096308 9406325 0.32917
67.GBR_2008_S17 675520 3275706 0.20622
68.ITA_1973_S11 4672125 10644817 0.43891
69.KAZ_1914_S32 2078929 7369349 0.28210
70.KAZ_1921_S1 4460111 8483054 0.52576
71.KAZ_1956_S8 2426398 8635009 0.28099
72.KEN_1935_S42 4210267 5684143 0.74070
73.KEN_1967_S36 2454632 7099657 0.34573
74.KEN_1997_S41 1976462 8033118 0.24603
75.LTU_1894_S30 1418633 7625417 0.18604
76.LTU_2009_S19 2212953 10812887 0.20465
77.MAR_1981 15436198 15880573 0.97201
78.NLD_1960_S12 7438090 7687690 0.96753
79.NOR_1898a 15165667 20531121 0.73866
80.NOR_1898_S26 1227885 6255494 0.19628
81.NOR_1899 9717229 15368837 0.63226
82.NOR_1905 5225522 9986930 0.52323
83.NOR_1906_S9 2373844 7381912 0.32157
84.NOR_1907_S24 2759705 8355868 0.33027
85.NOR_1908 6969693 12130417 0.57456
86.NOR_1911_S7 7356491 11964320 0.61486
87.NOR_1912 6796986 7082759 0.95965
88.NOR_1912_S13 7390842 7691126 0.96095
89.NOR_1916 6015540 11614423 0.51793
90.NOR_1918_S2 3269177 8135699 0.40183
91.NOR_1925 6617243 12210143 0.54194
92.NOR_1927_S25 2812947 8116308 0.34657
93.NOR_1928_S6 1160294 5394508 0.21508
94.NOR_1929 7531646 14244918 0.52872
95.NOR_1934 5909939 11002196 0.53715
96.NOR_1935 7002863 11244321 0.62279
97.NOR_1935_S3 791337 5053732 0.15658
98.NOR_1942 8160236 11953914 0.68264
99.NOR_1949a 13481297 18237754 0.73919
100.NOR_1949_S5 3660695 7290685 0.50210
101.NOR_1952 6363782 11733193 0.54237
102.NOR_1954_S21 4920713 12327052 0.39918
103.NOR_1955_S42 3641 12408 0.29343
104.NOR_1956 8448835 14415670 0.58608
105.NOR_1966 5520133 10605510 0.52049
106.NOR_1967_S28 5363 12827 0.41810
107.NOR_1968 10110347 21965777 0.46027
108.NOR_1976 12451441 29103695 0.42783
109.NOR_1990 8701943 13341807 0.65223
110.NOR_1992 6747811 14440561 0.46728
111.NOR_1994 4867706 10230894 0.47578
112.NOR_1995_S22 1391364 7045605 0.19747
113.NOR_1995_S35 4743816 8805052 0.53876
114.NOR_2003 2658617 7017296 0.37886
115.NPL_1952 9445007 15513347 0.60883
116.POL_1895_S10 1876386 6968947 0.26924
117.POL_2007_S5 1793589 6685880 0.26826
118.PRT_1954 11345854 16577303 0.68442
119.PRT_1971 9035501 13406049 0.67398
120.RUS_1860 4971801 9927626 0.50080
121.RUS_1885_S16 6241676 6869973 0.90854
122.RUS_1906_S7 2888238 8990629 0.32124
123.RUS_1907_S11 3904835 8501819 0.45929
124.RUS_1909_S40 2522939 8414005 0.29984
125.RUS_1912_S16 4472088 10783499 0.41471
126.RUS_1917_S29 1899788 5899131 0.32204
127.RUS_1926_S28 4733552 9966101 0.47496
128.RUS_1927_S31 1987128 7357455 0.27008
129.RUS_1950_S10 4244554 9426913 0.45025
130.RUS_1960_S9 5146339 5734805 0.89738
131.RUS_1974_S24 2661333 8248832 0.32263
132.RWA_1974_S49 3124527 7750599 0.40313
133.SP_1897 4747478 4839564 0.98097
134.TZA_1894_S43 5109237 6671796 0.76579
135.TZA_1908_S47 1248533 6985196 0.17873
136.TZA_1953_S47 3263774 8063446 0.40476
137.TZA_1985_S38 2507283 8671210 0.28915
138.TZA_2011_S34 576365 637408 0.90423
139.UKR_1902_S18 7531788 7991326 0.94249
140.UKR_1952_S24 2082647 8900139 0.23400
141.US_1986_S54 2559490 7354948 0.34799
142.US_2010_S56 1674459 7279052 0.23003
143.ZAF_1917_S6 7056524 7472836 0.94428
